3 - -38.901682 
4 - -10.939336 
5 - -2.595236 
27 - 38.901682 
28 - 10.939336 
29 - 2.595236 

-----------------
-38.901682
6 - 7.740384 
7 - 6.446744 
0 - 27.633381 
1 - -8.014740 
2 - 14.890234 
9 - -27.633381 
10 - 8.014740 
11 - -14.890234 

-----------------
27.633381
-8.014740
14.890234
-27.633381
8.014740
-14.890234

-----------------
0 - -23.394158 
1 - -74.278133 
2 - 20.253163 
15 - 23.394158 
16 - 74.278133 
17 - -20.253163 

-----------------
4.239223
-82.292873
35.143397
23.394158
74.278133
-20.253163

-----------------
9 - 2.983518 
10 - -0.567793 
11 - -5.099476 
12 - -2.983518 
13 - 0.567793 
14 - 5.099476 

-----------------
2.983518
-0.567793
-5.099476
-2.983518
0.567793
5.099476

-----------------
12 - 78.148784 
13 - -32.763509 
14 - -22.434876 
18 - -6.214510 
19 - 84.922779 
20 - -46.780244 
24 - 6.214510 
25 - -84.922779 
26 - 46.780244 

-----------------
-6.214510
84.922779
-46.780244
6.214510
-84.922779
46.780244

-----------------
0.000000
0.000000
0.000000
0.000000
0.000000

-----------------
8 - 10.452991 
18 - -7.740384 
19 - -6.446744 
20 - -10.452991 

-----------------
7.740384
6.446744
10.452991
-13.954894
78.476035
-57.233235
18 - -78.148784 
19 - 32.763509 
20 - 22.434876 

-----------------
75.165265
-32.195716
-17.335400
-92.103677
111.239544
15 - -3.878445 
16 - 0.494560 
17 - -5.144768 
18 - 3.878445 
19 - -0.494560 
20 - 5.144768 

-----------------
-3.878445
0.494560
-29.653591

-----------------
6 - 25.392584 
7 - -25.872699 
8 - 6.674990 
-5.144768
-88.225232
110.744984
-29.653591

-----------------
27 - -25.392584 
28 - 25.872699 
29 - -6.674990 

-----------------
33.132968
-19.425955
17.127981
-25.392584
25.872699
-6.674990

-----------------

-----------------
12 - 40.946145 
13 - 22.126582 
14 - -34.936275 
24 - -40.946145 
25 - -22.126582 
26 - 34.936275 

-----------------
116.111410
-10.069134
-52.271675
-34.731635
-107.049361
81.716520

-----------------
>>>>>>>>>>>>>>>>>>>>>>>>>>>>><<<<<<<<<<<<<<<<<<<<<<<<
0 - 27.633381 
1 - -8.014740 
2 - 14.890234 
9 - -27.633381 
10 - 8.014740 
11 - -14.890234 

-----------------
27.633381
-8.014740
14.890234
-27.633381
8.014740
-14.890234

-----------------
0 - -23.394158 
1 - -74.278133 
2 - 20.253163 
15 - 23.394158 
16 - 74.278133 
17 - -20.253163 

-----------------
4.239223
-82.292873
35.143397
23.394158
74.278133
-20.253163

-----------------
3 - -38.901682 
4 - -10.939336 
5 - -2.595236 
27 - 38.901682 
28 - 10.939336 
29 - 2.595236 

-----------------
-38.901682
-10.939336
-2.595236
38.901682
10.939336
2.595236

-----------------
6 - 7.740384 
7 - 6.446744 
8 - 10.452991 
18 - -7.740384 
19 - -6.446744 
20 - -10.452991 

-----------------
7.740384
6.446744
10.452991
-7.740384
-6.446744
-10.452991

-----------------
6 - 25.392584 
7 - -25.872699 
8 - 6.674990 
27 - -25.392584 
28 - 25.872699 
29 - -6.674990 

-----------------
33.132968
-19.425955
17.127981
13.509098
36.812036
-4.079754

-----------------
9 - 2.983518 
10 - -0.567793 
11 - -5.099476 
12 - -2.983518 
13 - 0.567793 
14 - 5.099476 

-----------------
-24.649862
7.446947
-19.989710
-2.983518
0.567793
5.099476

-----------------
12 - 78.148784 
13 - -32.763509 
14 - -22.434876 
18 - -78.148784 
19 - 32.763509 
20 - 22.434876 

-----------------
75.165265
-32.195716
-17.335400
-85.889168
26.316765
11.981885

-----------------
12 - 40.946145 
13 - 22.126582 
14 - -34.936275 
24 - -40.946145 
25 - -22.126582 
26 - 34.936275 

-----------------
116.111410
-10.069134
-52.271675
-40.946145
-22.126582
34.936275

-----------------
15 - -3.878445 
16 - 0.494560 
17 - -5.144768 
18 - 3.878445 
19 - -0.494560 
20 - 5.144768 

-----------------
19.515713
74.772693
-25.397931
-82.010722
25.822205
17.126654

-----------------
18 - -6.214510 
19 - 84.922779 
20 - -46.780244 
24 - 6.214510 
25 - -84.922779 
26 - 46.780244 

-----------------
-88.225232
110.744984
-29.653591
-34.731635
-107.049361
81.716520

-----------------
0 4.239223 		 0.000000 
1 -82.292873 		 0.000000 
2 35.143397 		 0.000000 
3 -38.901682 		 0.000000 
4 -10.939336 		 0.000000 
5 -2.595236 		 0.000000 
6 33.132968 		 0.000000 
7 -19.425955 		 0.000000 
8 17.127981 		 0.000000 
9 -24.649862 		 0.000000 
10 7.446947 		 0.000000 
11 -19.989710 		 0.000000 
12 116.111410 		 0.000000 
13 -10.069134 		 0.000000 
14 -52.271675 		 0.000000 
15 19.515713 		 0.000000 
16 74.772693 		 0.000000 
17 -25.397931 		 0.000000 
18 -88.225232 		 0.000000 
19 110.744984 		 0.000000 
20 -29.653591 		 0.000000 
21 0.000000 		 0.000000 
22 0.000000 		 0.000000 
23 0.000000 		 0.000000 
24 -34.731635 		 0.000000 
25 -107.049361 		 0.000000 
26 81.716520 		 0.000000 
27 13.509098 		 0.000000 
28 36.812036 		 0.000000 
29 -4.079754 		 0.000000 
30 0.000000 		 50373775222878817193389003874839910566648924119518163990997184785902086485071825604408804870705289098862738898067877294201473623064331178738612293549598767787916357212194209792.000000 
number of particles: 10
elapsed time ST: 0.000201
elapsed time MT static: 0.052372
